(kicad_pcb (version 20171130) (host pcbnew 5.0.2-bee76a0~70~ubuntu16.04.1)

  (general
    (thickness 1.6)
    (drawings 14)
    (tracks 72)
    (zones 0)
    (modules 13)
    (nets 10)
  )

  (page A4)
  (layers
    (0 F.Cu signal)
    (31 B.Cu signal)
    (32 B.Adhes user)
    (33 F.Adhes user)
    (34 B.Paste user)
    (35 F.Paste user)
    (36 B.SilkS user)
    (37 F.SilkS user)
    (38 B.Mask user)
    (39 F.Mask user)
    (40 Dwgs.User user)
    (41 Cmts.User user)
    (42 Eco1.User user)
    (43 Eco2.User user)
    (44 Edge.Cuts user)
    (45 Margin user)
    (46 B.CrtYd user)
    (47 F.CrtYd user)
    (48 B.Fab user)
    (49 F.Fab user)
  )

  (setup
    (last_trace_width 0.25)
    (trace_clearance 0.2)
    (zone_clearance 0.508)
    (zone_45_only no)
    (trace_min 0.2)
    (segment_width 0.2)
    (edge_width 0.15)
    (via_size 0.8)
    (via_drill 0.4)
    (via_min_size 0.4)
    (via_min_drill 0.3)
    (uvia_size 0.3)
    (uvia_drill 0.1)
    (uvias_allowed no)
    (uvia_min_size 0.2)
    (uvia_min_drill 0.1)
    (pcb_text_width 0.3)
    (pcb_text_size 1.5 1.5)
    (mod_edge_width 0.15)
    (mod_text_size 1 1)
    (mod_text_width 0.15)
    (pad_size 1.524 1.524)
    (pad_drill 0.762)
    (pad_to_mask_clearance 0.051)
    (solder_mask_min_width 0.25)
    (aux_axis_origin 0 0)
    (visible_elements FFFFFF7F)
    (pcbplotparams
      (layerselection 0x310fc_ffffffff)
      (usegerberextensions false)
      (usegerberattributes false)
      (usegerberadvancedattributes false)
      (creategerberjobfile false)
      (excludeedgelayer true)
      (linewidth 0.100000)
      (plotframeref false)
      (viasonmask false)
      (mode 1)
      (useauxorigin false)
      (hpglpennumber 1)
      (hpglpenspeed 20)
      (hpglpendiameter 15.000000)
      (psnegative false)
      (psa4output false)
      (plotreference true)
      (plotvalue true)
      (plotinvisibletext false)
      (padsonsilk false)
      (subtractmaskfromsilk false)
      (outputformat 1)
      (mirror false)
      (drillshape 0)
      (scaleselection 1)
      (outputdirectory "gerbers"))
  )

  (net 0 "")
  (net 1 +3V3)
  (net 2 GND)
  (net 3 "Net-(C1-Pad1)")
  (net 4 "Net-(D1-Pad1)")
  (net 5 "Net-(D1-Pad2)")
  (net 6 "Net-(D2-Pad1)")
  (net 7 "Net-(D2-Pad2)")
  (net 8 "Net-(R2-Pad2)")
  (net 9 /skin)

  (net_class Default "This is the default net class."
    (clearance 0.2)
    (trace_width 0.25)
    (via_dia 0.8)
    (via_drill 0.4)
    (uvia_dia 0.3)
    (uvia_drill 0.1)
    (add_net +3V3)
    (add_net /skin)
    (add_net GND)
    (add_net "Net-(C1-Pad1)")
    (add_net "Net-(D1-Pad1)")
    (add_net "Net-(D1-Pad2)")
    (add_net "Net-(D2-Pad1)")
    (add_net "Net-(D2-Pad2)")
    (add_net "Net-(R2-Pad2)")
  )

  (module touch-circuit-v1:PinHeader_1x02_P2.54mm_Vertical_nosilk (layer F.Cu) (tedit 5E30C4DB) (tstamp 5E3F24D8)
    (at 156.972 91.44 30)
    (descr "Through hole straight pin header, 1x02, 2.54mm pitch, single row")
    (tags "Through hole pin header THT 1x02 2.54mm single row")
    (path /5E312800)
    (fp_text reference J2 (at 0 -2.33 30) (layer F.SilkS) hide
      (effects (font (size 1 1) (thickness 0.15)))
    )
    (fp_text value Conn_01x02 (at 0 4.87 30) (layer F.Fab) hide
      (effects (font (size 1 1) (thickness 0.15)))
    )
    (fp_line (start 0.508 1.016) (end 0.508 1.524) (layer F.CrtYd) (width 0.05))
    (fp_line (start -0.508 1.016) (end -0.508 1.524) (layer F.CrtYd) (width 0.05))
    (fp_line (start 1.016 2.032) (end 1.016 3.048) (layer F.CrtYd) (width 0.05))
    (fp_line (start -1.016 2.032) (end -1.016 3.048) (layer F.CrtYd) (width 0.05))
    (fp_line (start 1.016 2.032) (end 0.508 1.524) (layer F.CrtYd) (width 0.05))
    (fp_line (start -0.508 1.524) (end -1.016 2.032) (layer F.CrtYd) (width 0.05))
    (fp_line (start 1.016 3.048) (end 0.508 3.556) (layer F.CrtYd) (width 0.05))
    (fp_line (start 1.016 0.508) (end 0.508 1.016) (layer F.CrtYd) (width 0.05))
    (fp_line (start -0.508 -1.016) (end -1.016 -0.508) (layer F.CrtYd) (width 0.05))
    (fp_line (start -0.508 3.556) (end -1.016 3.048) (layer F.CrtYd) (width 0.05))
    (fp_line (start -0.508 1.016) (end -1.016 0.508) (layer F.CrtYd) (width 0.05))
    (fp_line (start 1.016 -0.508) (end 0.508 -1.016) (layer F.CrtYd) (width 0.05))
    (fp_line (start 0.508 3.556) (end 1.016 3.048) (layer F.Fab) (width 0.1))
    (fp_line (start -1.016 3.048) (end -0.508 3.556) (layer F.Fab) (width 0.1))
    (fp_line (start 0.508 -1.016) (end 1.016 -0.508) (layer F.Fab) (width 0.1))
    (fp_text user %R (at 0 1.27 -240) (layer F.Fab)
      (effects (font (size 1 1) (thickness 0.15)))
    )
    (fp_line (start 0.508 -1.016) (end -0.508 -1.016) (layer F.CrtYd) (width 0.05))
    (fp_line (start 1.016 0.508) (end 1.016 -0.508) (layer F.CrtYd) (width 0.05))
    (fp_line (start -0.508 3.556) (end 0.508 3.556) (layer F.CrtYd) (width 0.05))
    (fp_line (start -1.016 -0.508) (end -1.016 0.508) (layer F.CrtYd) (width 0.05))
    (fp_line (start -1.016 -0.508) (end -0.508 -1.016) (layer F.Fab) (width 0.1))
    (fp_line (start -1.016 3.048) (end -1.016 -0.508) (layer F.Fab) (width 0.1))
    (fp_line (start 0.508 3.556) (end -0.508 3.556) (layer F.Fab) (width 0.1))
    (fp_line (start 1.016 -0.508) (end 1.016 3.048) (layer F.Fab) (width 0.1))
    (fp_line (start -0.508 -1.016) (end 0.508 -1.016) (layer F.Fab) (width 0.1))
    (pad 2 thru_hole oval (at 0 2.54 30) (size 1.7 1.7) (drill 1) (layers *.Cu *.Mask)
      (net 9 /skin))
    (pad 1 thru_hole oval (at 0 0 30) (size 1.7 1.7) (drill 1) (layers *.Cu *.Mask)
      (net 9 /skin))
    (model ${KISYS3DMOD}/Connector_PinHeader_2.54mm.3dshapes/PinHeader_1x02_P2.54mm_Vertical.wrl
      (at (xyz 0 0 0))
      (scale (xyz 1 1 1))
      (rotate (xyz 0 0 0))
    )
  )

  (module touch-circuit-v1:PinHeader_1x02_P2.54mm_Vertical_nosilk (layer F.Cu) (tedit 5E30C4DB) (tstamp 5E309EF5)
    (at 147.828 91.44 330)
    (descr "Through hole straight pin header, 1x02, 2.54mm pitch, single row")
    (tags "Through hole pin header THT 1x02 2.54mm single row")
    (path /5E30C6B3)
    (fp_text reference J1 (at 0 -2.33 330) (layer F.SilkS) hide
      (effects (font (size 1 1) (thickness 0.15)))
    )
    (fp_text value Conn_01x02 (at 0 4.87 330) (layer F.Fab) hide
      (effects (font (size 1 1) (thickness 0.15)))
    )
    (fp_line (start 0.508 1.016) (end 0.508 1.524) (layer F.CrtYd) (width 0.05))
    (fp_line (start -0.508 1.016) (end -0.508 1.524) (layer F.CrtYd) (width 0.05))
    (fp_line (start 1.016 2.032) (end 1.016 3.048) (layer F.CrtYd) (width 0.05))
    (fp_line (start -1.016 2.032) (end -1.016 3.048) (layer F.CrtYd) (width 0.05))
    (fp_line (start 1.016 2.032) (end 0.508 1.524) (layer F.CrtYd) (width 0.05))
    (fp_line (start -0.508 1.524) (end -1.016 2.032) (layer F.CrtYd) (width 0.05))
    (fp_line (start 1.016 3.048) (end 0.508 3.556) (layer F.CrtYd) (width 0.05))
    (fp_line (start 1.016 0.508) (end 0.508 1.016) (layer F.CrtYd) (width 0.05))
    (fp_line (start -0.508 -1.016) (end -1.016 -0.508) (layer F.CrtYd) (width 0.05))
    (fp_line (start -0.508 3.556) (end -1.016 3.048) (layer F.CrtYd) (width 0.05))
    (fp_line (start -0.508 1.016) (end -1.016 0.508) (layer F.CrtYd) (width 0.05))
    (fp_line (start 1.016 -0.508) (end 0.508 -1.016) (layer F.CrtYd) (width 0.05))
    (fp_line (start 0.508 3.556) (end 1.016 3.048) (layer F.Fab) (width 0.1))
    (fp_line (start -1.016 3.048) (end -0.508 3.556) (layer F.Fab) (width 0.1))
    (fp_line (start 0.508 -1.016) (end 1.016 -0.508) (layer F.Fab) (width 0.1))
    (fp_text user %R (at 0 1.27 60) (layer F.Fab)
      (effects (font (size 1 1) (thickness 0.15)))
    )
    (fp_line (start 0.508 -1.016) (end -0.508 -1.016) (layer F.CrtYd) (width 0.05))
    (fp_line (start 1.016 0.508) (end 1.016 -0.508) (layer F.CrtYd) (width 0.05))
    (fp_line (start -0.508 3.556) (end 0.508 3.556) (layer F.CrtYd) (width 0.05))
    (fp_line (start -1.016 -0.508) (end -1.016 0.508) (layer F.CrtYd) (width 0.05))
    (fp_line (start -1.016 -0.508) (end -0.508 -1.016) (layer F.Fab) (width 0.1))
    (fp_line (start -1.016 3.048) (end -1.016 -0.508) (layer F.Fab) (width 0.1))
    (fp_line (start 0.508 3.556) (end -0.508 3.556) (layer F.Fab) (width 0.1))
    (fp_line (start 1.016 -0.508) (end 1.016 3.048) (layer F.Fab) (width 0.1))
    (fp_line (start -0.508 -1.016) (end 0.508 -1.016) (layer F.Fab) (width 0.1))
    (pad 2 thru_hole oval (at 0 2.54 330) (size 1.7 1.7) (drill 1) (layers *.Cu *.Mask)
      (net 9 /skin))
    (pad 1 thru_hole oval (at 0 0 330) (size 1.7 1.7) (drill 1) (layers *.Cu *.Mask)
      (net 9 /skin))
    (model ${KISYS3DMOD}/Connector_PinHeader_2.54mm.3dshapes/PinHeader_1x02_P2.54mm_Vertical.wrl
      (at (xyz 0 0 0))
      (scale (xyz 1 1 1))
      (rotate (xyz 0 0 0))
    )
  )

  (module Battery:BatteryHolder_LINX_BAT-HLD-012-SMT (layer B.Cu) (tedit 5E309CEC) (tstamp 5E492347)
    (at 152.4 101.6 90)
    (descr "SMT battery holder for CR1216/1220/1225, https://linxtechnologies.com/wp/wp-content/uploads/bat-hld-012-smt.pdf")
    (tags "battery holder coin cell cr1216 cr1220 cr1225")
    (path /5E30D1B5)
    (attr smd)
    (fp_text reference BT1 (at 0 -6 90) (layer B.SilkS) hide
      (effects (font (size 1 1) (thickness 0.15)) (justify mirror))
    )
    (fp_text value Battery_Cell (at 0 7 90) (layer B.Fab) hide
      (effects (font (size 1 1) (thickness 0.15)) (justify mirror))
    )
    (fp_line (start 6.55 -2.85) (end 5.4 -4.2) (layer B.SilkS) (width 0.1))
    (fp_line (start -6.55 -2.85) (end -5.4 -4.2) (layer B.SilkS) (width 0.1))
    (fp_line (start -4.9 4.4) (end -3 4.4) (layer B.SilkS) (width 0.1))
    (fp_line (start 4.9 4.4) (end 3 4.4) (layer B.SilkS) (width 0.1))
    (fp_line (start 4.9 4.4) (end 6.55 2.75) (layer B.SilkS) (width 0.1))
    (fp_line (start -6.55 2.75) (end -4.9 4.4) (layer B.SilkS) (width 0.1))
    (fp_line (start 6.55 2.75) (end 6.75 2.75) (layer B.Fab) (width 0.1))
    (fp_line (start 6.55 2.75) (end 6.7 2.9) (layer B.Fab) (width 0.1))
    (fp_line (start 5.05 4.55) (end 4.9 4.4) (layer B.Fab) (width 0.1))
    (fp_line (start -5.05 4.55) (end -4.9 4.4) (layer B.Fab) (width 0.1))
    (fp_line (start -6.55 2.75) (end -6.7 2.9) (layer B.Fab) (width 0.1))
    (fp_line (start -6.75 2.75) (end -6.55 2.75) (layer B.Fab) (width 0.1))
    (fp_line (start 6.75 -2.85) (end 6.55 -2.85) (layer B.Fab) (width 0.1))
    (fp_line (start -6.75 -2.85) (end -6.55 -2.85) (layer B.Fab) (width 0.1))
    (fp_line (start -3.55 -6.75) (end -7.25 -3.05) (layer B.CrtYd) (width 0.05))
    (fp_line (start 3.55 -6.75) (end 7.25 -3.05) (layer B.CrtYd) (width 0.05))
    (fp_line (start -3.55 -6.75) (end 3.55 -6.75) (layer B.CrtYd) (width 0.05))
    (fp_line (start 9.35 -3.05) (end 7.25 -3.05) (layer B.CrtYd) (width 0.05))
    (fp_line (start 9.35 3.05) (end 9.35 -3.05) (layer B.CrtYd) (width 0.05))
    (fp_line (start 7.25 3.05) (end 9.35 3.05) (layer B.CrtYd) (width 0.05))
    (fp_line (start 3.55 6.75) (end 7.25 3.05) (layer B.CrtYd) (width 0.05))
    (fp_line (start -3.55 6.75) (end 3.55 6.75) (layer B.CrtYd) (width 0.05))
    (fp_line (start -7.25 3.05) (end -3.55 6.75) (layer B.CrtYd) (width 0.05))
    (fp_line (start -9.35 -3.05) (end -7.25 -3.05) (layer B.CrtYd) (width 0.05))
    (fp_line (start -9.35 3.05) (end -7.25 3.05) (layer B.CrtYd) (width 0.05))
    (fp_line (start -9.35 -3.05) (end -9.35 3.05) (layer B.CrtYd) (width 0.05))
    (fp_circle (center 0 0) (end -6.25 0) (layer B.Fab) (width 0.1))
    (fp_arc (start 0 -6) (end -1.8 -4.2) (angle -90) (layer B.Fab) (width 0.1))
    (fp_arc (start 3.6 -2.4) (end 5.4 -4.2) (angle -70.55996517) (layer B.SilkS) (width 0.1))
    (fp_line (start 6.55 -2.85) (end 5.4 -4.2) (layer B.Fab) (width 0.1))
    (fp_line (start -6.55 -2.85) (end -5.4 -4.2) (layer B.Fab) (width 0.1))
    (fp_line (start -6.55 2.75) (end -4.9 4.4) (layer B.Fab) (width 0.1))
    (fp_line (start -6.55 -2.85) (end -6.55 2.75) (layer B.Fab) (width 0.1))
    (fp_line (start 6.55 2.75) (end 4.9 4.4) (layer B.Fab) (width 0.1))
    (fp_line (start 6.55 -2.85) (end 6.55 2.75) (layer B.Fab) (width 0.1))
    (fp_line (start 6.7 2.9) (end 5.05 4.55) (layer B.Fab) (width 0.1))
    (fp_line (start -6.7 2.9) (end -5.05 4.55) (layer B.Fab) (width 0.1))
    (fp_line (start 4.9 4.4) (end -4.9 4.4) (layer B.Fab) (width 0.1))
    (fp_line (start 6.75 -2.85) (end 6.75 2.75) (layer B.Fab) (width 0.1))
    (fp_line (start -6.75 -2.85) (end -6.75 2.75) (layer B.Fab) (width 0.1))
    (fp_line (start 7.65 2.55) (end 6.75 2.55) (layer B.Fab) (width 0.1))
    (fp_line (start 7.65 0.55) (end 7.65 2.55) (layer B.Fab) (width 0.1))
    (fp_line (start 6.75 0.55) (end 7.65 0.55) (layer B.Fab) (width 0.1))
    (fp_line (start 7.65 -0.55) (end 6.75 -0.55) (layer B.Fab) (width 0.1))
    (fp_line (start 7.65 -2.55) (end 7.65 -0.55) (layer B.Fab) (width 0.1))
    (fp_line (start 6.75 -2.55) (end 7.65 -2.55) (layer B.Fab) (width 0.1))
    (fp_line (start -7.65 -2.55) (end -6.75 -2.55) (layer B.Fab) (width 0.1))
    (fp_line (start -7.65 -0.55) (end -7.65 -2.55) (layer B.Fab) (width 0.1))
    (fp_line (start -6.75 -0.55) (end -7.65 -0.55) (layer B.Fab) (width 0.1))
    (fp_line (start -7.65 0.55) (end -6.75 0.55) (layer B.Fab) (width 0.1))
    (fp_line (start -7.65 2.55) (end -6.75 2.55) (layer B.Fab) (width 0.1))
    (fp_line (start -7.65 2.55) (end -7.65 0.55) (layer B.Fab) (width 0.1))
    (fp_text user %R (at 0 0 180) (layer B.Fab)
      (effects (font (size 1 1) (thickness 0.15)) (justify mirror))
    )
    (fp_arc (start 3.6 -2.4) (end 5.4 -4.2) (angle -90) (layer B.Fab) (width 0.1))
    (fp_arc (start -3.6 -2.4) (end -1.8 -4.2) (angle -90) (layer B.Fab) (width 0.1))
    (fp_arc (start -3.6 -2.4) (end -5.4 -4.2) (angle 70.5) (layer B.SilkS) (width 0.1))
    (pad 1 smd rect (at -7.6 0 90) (size 2.5 5.1) (layers B.Cu B.Paste B.Mask)
      (net 1 +3V3))
    (pad 1 smd rect (at 7.6 0 90) (size 2.5 5.1) (layers B.Cu B.Paste B.Mask)
      (net 1 +3V3))
    (pad 2 smd circle (at 0 0 90) (size 10.2 10.2) (layers B.Cu B.Paste B.Mask)
      (net 2 GND))
    (model ${KISYS3DMOD}/Battery.3dshapes/BatteryHolder_LINX_BAT-HLD-012-SMT.wrl
      (at (xyz 0 0 0))
      (scale (xyz 1 1 1))
      (rotate (xyz 0 0 0))
    )
  )

  (module Capacitor_SMD:C_0805_2012Metric_Pad1.15x1.40mm_HandSolder (layer F.Cu) (tedit 5E309CB4) (tstamp 5E492358)
    (at 154.94 105.41 90)
    (descr "Capacitor SMD 0805 (2012 Metric), square (rectangular) end terminal, IPC_7351 nominal with elongated pad for handsoldering. (Body size source: https://docs.google.com/spreadsheets/d/1BsfQQcO9C6DZCsRaXUlFlo91Tg2WpOkGARC1WS5S8t0/edit?usp=sharing), generated with kicad-footprint-generator")
    (tags "capacitor handsolder")
    (path /5E307909)
    (attr smd)
    (fp_text reference C1 (at 0 -1.65 90) (layer F.SilkS) hide
      (effects (font (size 1 1) (thickness 0.15)))
    )
    (fp_text value C (at 0 1.65 90) (layer F.Fab) hide
      (effects (font (size 1 1) (thickness 0.15)))
    )
    (fp_line (start -1 0.6) (end -1 -0.6) (layer F.Fab) (width 0.1))
    (fp_line (start -1 -0.6) (end 1 -0.6) (layer F.Fab) (width 0.1))
    (fp_line (start 1 -0.6) (end 1 0.6) (layer F.Fab) (width 0.1))
    (fp_line (start 1 0.6) (end -1 0.6) (layer F.Fab) (width 0.1))
    (fp_line (start -0.261252 -0.71) (end 0.261252 -0.71) (layer F.SilkS) (width 0.12))
    (fp_line (start -0.261252 0.71) (end 0.261252 0.71) (layer F.SilkS) (width 0.12))
    (fp_line (start -1.85 0.95) (end -1.85 -0.95) (layer F.CrtYd) (width 0.05))
    (fp_line (start -1.85 -0.95) (end 1.85 -0.95) (layer F.CrtYd) (width 0.05))
    (fp_line (start 1.85 -0.95) (end 1.85 0.95) (layer F.CrtYd) (width 0.05))
    (fp_line (start 1.85 0.95) (end -1.85 0.95) (layer F.CrtYd) (width 0.05))
    (fp_text user %R (at 0 0 90) (layer F.Fab)
      (effects (font (size 0.5 0.5) (thickness 0.08)))
    )
    (pad 1 smd roundrect (at -1.025 0 90) (size 1.15 1.4) (layers F.Cu F.Paste F.Mask) (roundrect_rratio 0.217391)
      (net 3 "Net-(C1-Pad1)"))
    (pad 2 smd roundrect (at 1.025 0 90) (size 1.15 1.4) (layers F.Cu F.Paste F.Mask) (roundrect_rratio 0.217391)
      (net 2 GND))
    (model ${KISYS3DMOD}/Capacitor_SMD.3dshapes/C_0805_2012Metric.wrl
      (at (xyz 0 0 0))
      (scale (xyz 1 1 1))
      (rotate (xyz 0 0 0))
    )
  )

  (module Diode_SMD:D_0805_2012Metric_Pad1.15x1.40mm_HandSolder (layer F.Cu) (tedit 5E309CB0) (tstamp 5E49236B)
    (at 149.86 93.98 180)
    (descr "Diode SMD 0805 (2012 Metric), square (rectangular) end terminal, IPC_7351 nominal, (Body size source: https://docs.google.com/spreadsheets/d/1BsfQQcO9C6DZCsRaXUlFlo91Tg2WpOkGARC1WS5S8t0/edit?usp=sharing), generated with kicad-footprint-generator")
    (tags "diode handsolder")
    (path /5E307996)
    (attr smd)
    (fp_text reference D1 (at 0 1.778 180) (layer F.SilkS) hide
      (effects (font (size 1 1) (thickness 0.15)))
    )
    (fp_text value D (at 0 1.65 180) (layer F.Fab) hide
      (effects (font (size 1 1) (thickness 0.15)))
    )
    (fp_line (start 1 -0.6) (end -0.7 -0.6) (layer F.Fab) (width 0.1))
    (fp_line (start -0.7 -0.6) (end -1 -0.3) (layer F.Fab) (width 0.1))
    (fp_line (start -1 -0.3) (end -1 0.6) (layer F.Fab) (width 0.1))
    (fp_line (start -1 0.6) (end 1 0.6) (layer F.Fab) (width 0.1))
    (fp_line (start 1 0.6) (end 1 -0.6) (layer F.Fab) (width 0.1))
    (fp_line (start 1 -0.96) (end -1.86 -0.96) (layer F.SilkS) (width 0.12))
    (fp_line (start -1.86 -0.96) (end -1.86 0.96) (layer F.SilkS) (width 0.12))
    (fp_line (start -1.86 0.96) (end 1 0.96) (layer F.SilkS) (width 0.12))
    (fp_line (start -1.85 0.95) (end -1.85 -0.95) (layer F.CrtYd) (width 0.05))
    (fp_line (start -1.85 -0.95) (end 1.85 -0.95) (layer F.CrtYd) (width 0.05))
    (fp_line (start 1.85 -0.95) (end 1.85 0.95) (layer F.CrtYd) (width 0.05))
    (fp_line (start 1.85 0.95) (end -1.85 0.95) (layer F.CrtYd) (width 0.05))
    (fp_text user %R (at 0 0 180) (layer F.Fab)
      (effects (font (size 0.5 0.5) (thickness 0.08)))
    )
    (pad 1 smd roundrect (at -1.025 0 180) (size 1.15 1.4) (layers F.Cu F.Paste F.Mask) (roundrect_rratio 0.217391)
      (net 4 "Net-(D1-Pad1)"))
    (pad 2 smd roundrect (at 1.025 0 180) (size 1.15 1.4) (layers F.Cu F.Paste F.Mask) (roundrect_rratio 0.217391)
      (net 5 "Net-(D1-Pad2)"))
    (model ${KISYS3DMOD}/Diode_SMD.3dshapes/D_0805_2012Metric.wrl
      (at (xyz 0 0 0))
      (scale (xyz 1 1 1))
      (rotate (xyz 0 0 0))
    )
  )

  (module LED_SMD:LED_0805_2012Metric_Pad1.15x1.40mm_HandSolder (layer F.Cu) (tedit 5E309C4D) (tstamp 5E49237E)
    (at 152.4 105.41 90)
    (descr "LED SMD 0805 (2012 Metric), square (rectangular) end terminal, IPC_7351 nominal, (Body size source: https://docs.google.com/spreadsheets/d/1BsfQQcO9C6DZCsRaXUlFlo91Tg2WpOkGARC1WS5S8t0/edit?usp=sharing), generated with kicad-footprint-generator")
    (tags "LED handsolder")
    (path /5E307516)
    (attr smd)
    (fp_text reference D2 (at 0 -1.65 90) (layer F.SilkS) hide
      (effects (font (size 1 1) (thickness 0.15)))
    )
    (fp_text value LED (at 1.778 0 180) (layer F.Fab)
      (effects (font (size 1 1) (thickness 0.15)))
    )
    (fp_line (start 1 -0.6) (end -0.7 -0.6) (layer F.Fab) (width 0.1))
    (fp_line (start -0.7 -0.6) (end -1 -0.3) (layer F.Fab) (width 0.1))
    (fp_line (start -1 -0.3) (end -1 0.6) (layer F.Fab) (width 0.1))
    (fp_line (start -1 0.6) (end 1 0.6) (layer F.Fab) (width 0.1))
    (fp_line (start 1 0.6) (end 1 -0.6) (layer F.Fab) (width 0.1))
    (fp_line (start 1 -0.96) (end -1.86 -0.96) (layer F.SilkS) (width 0.12))
    (fp_line (start -1.86 -0.96) (end -1.86 0.96) (layer F.SilkS) (width 0.12))
    (fp_line (start -1.86 0.96) (end 1 0.96) (layer F.SilkS) (width 0.12))
    (fp_line (start -1.85 0.95) (end -1.85 -0.95) (layer F.CrtYd) (width 0.05))
    (fp_line (start -1.85 -0.95) (end 1.85 -0.95) (layer F.CrtYd) (width 0.05))
    (fp_line (start 1.85 -0.95) (end 1.85 0.95) (layer F.CrtYd) (width 0.05))
    (fp_line (start 1.85 0.95) (end -1.85 0.95) (layer F.CrtYd) (width 0.05))
    (fp_text user %R (at 0 0 90) (layer F.Fab)
      (effects (font (size 0.5 0.5) (thickness 0.08)))
    )
    (pad 1 smd roundrect (at -1.025 0 90) (size 1.15 1.4) (layers F.Cu F.Paste F.Mask) (roundrect_rratio 0.217391)
      (net 6 "Net-(D2-Pad1)"))
    (pad 2 smd roundrect (at 1.025 0 90) (size 1.15 1.4) (layers F.Cu F.Paste F.Mask) (roundrect_rratio 0.217391)
      (net 7 "Net-(D2-Pad2)"))
    (model ${KISYS3DMOD}/LED_SMD.3dshapes/LED_0805_2012Metric.wrl
      (at (xyz 0 0 0))
      (scale (xyz 1 1 1))
      (rotate (xyz 0 0 0))
    )
  )

  (module Resistor_SMD:R_0805_2012Metric_Pad1.15x1.40mm_HandSolder (layer F.Cu) (tedit 5E309CC2) (tstamp 5E49238F)
    (at 149.86 110.49 270)
    (descr "Resistor SMD 0805 (2012 Metric), square (rectangular) end terminal, IPC_7351 nominal with elongated pad for handsoldering. (Body size source: https://docs.google.com/spreadsheets/d/1BsfQQcO9C6DZCsRaXUlFlo91Tg2WpOkGARC1WS5S8t0/edit?usp=sharing), generated with kicad-footprint-generator")
    (tags "resistor handsolder")
    (path /5E307D49)
    (attr smd)
    (fp_text reference R1 (at 0 -1.65 270) (layer F.SilkS) hide
      (effects (font (size 1 1) (thickness 0.15)))
    )
    (fp_text value R_US (at 0 1.65 270) (layer F.Fab) hide
      (effects (font (size 1 1) (thickness 0.15)))
    )
    (fp_text user %R (at 0 0 270) (layer F.Fab)
      (effects (font (size 0.5 0.5) (thickness 0.08)))
    )
    (fp_line (start 1.85 0.95) (end -1.85 0.95) (layer F.CrtYd) (width 0.05))
    (fp_line (start 1.85 -0.95) (end 1.85 0.95) (layer F.CrtYd) (width 0.05))
    (fp_line (start -1.85 -0.95) (end 1.85 -0.95) (layer F.CrtYd) (width 0.05))
    (fp_line (start -1.85 0.95) (end -1.85 -0.95) (layer F.CrtYd) (width 0.05))
    (fp_line (start -0.261252 0.71) (end 0.261252 0.71) (layer F.SilkS) (width 0.12))
    (fp_line (start -0.261252 -0.71) (end 0.261252 -0.71) (layer F.SilkS) (width 0.12))
    (fp_line (start 1 0.6) (end -1 0.6) (layer F.Fab) (width 0.1))
    (fp_line (start 1 -0.6) (end 1 0.6) (layer F.Fab) (width 0.1))
    (fp_line (start -1 -0.6) (end 1 -0.6) (layer F.Fab) (width 0.1))
    (fp_line (start -1 0.6) (end -1 -0.6) (layer F.Fab) (width 0.1))
    (pad 2 smd roundrect (at 1.025 0 270) (size 1.15 1.4) (layers F.Cu F.Paste F.Mask) (roundrect_rratio 0.217391)
      (net 2 GND))
    (pad 1 smd roundrect (at -1.025 0 270) (size 1.15 1.4) (layers F.Cu F.Paste F.Mask) (roundrect_rratio 0.217391)
      (net 9 /skin))
    (model ${KISYS3DMOD}/Resistor_SMD.3dshapes/R_0805_2012Metric.wrl
      (at (xyz 0 0 0))
      (scale (xyz 1 1 1))
      (rotate (xyz 0 0 0))
    )
  )

  (module Resistor_SMD:R_0805_2012Metric_Pad1.15x1.40mm_HandSolder (layer F.Cu) (tedit 5E309CBF) (tstamp 5E4923A0)
    (at 149.86 105.41 270)
    (descr "Resistor SMD 0805 (2012 Metric), square (rectangular) end terminal, IPC_7351 nominal with elongated pad for handsoldering. (Body size source: https://docs.google.com/spreadsheets/d/1BsfQQcO9C6DZCsRaXUlFlo91Tg2WpOkGARC1WS5S8t0/edit?usp=sharing), generated with kicad-footprint-generator")
    (tags "resistor handsolder")
    (path /5E307846)
    (attr smd)
    (fp_text reference R2 (at 0 -1.65 270) (layer F.SilkS) hide
      (effects (font (size 1 1) (thickness 0.15)))
    )
    (fp_text value R_US (at 0 1.65 270) (layer F.Fab) hide
      (effects (font (size 1 1) (thickness 0.15)))
    )
    (fp_line (start -1 0.6) (end -1 -0.6) (layer F.Fab) (width 0.1))
    (fp_line (start -1 -0.6) (end 1 -0.6) (layer F.Fab) (width 0.1))
    (fp_line (start 1 -0.6) (end 1 0.6) (layer F.Fab) (width 0.1))
    (fp_line (start 1 0.6) (end -1 0.6) (layer F.Fab) (width 0.1))
    (fp_line (start -0.261252 -0.71) (end 0.261252 -0.71) (layer F.SilkS) (width 0.12))
    (fp_line (start -0.261252 0.71) (end 0.261252 0.71) (layer F.SilkS) (width 0.12))
    (fp_line (start -1.85 0.95) (end -1.85 -0.95) (layer F.CrtYd) (width 0.05))
    (fp_line (start -1.85 -0.95) (end 1.85 -0.95) (layer F.CrtYd) (width 0.05))
    (fp_line (start 1.85 -0.95) (end 1.85 0.95) (layer F.CrtYd) (width 0.05))
    (fp_line (start 1.85 0.95) (end -1.85 0.95) (layer F.CrtYd) (width 0.05))
    (fp_text user %R (at 0 0 270) (layer F.Fab)
      (effects (font (size 0.5 0.5) (thickness 0.08)))
    )
    (pad 1 smd roundrect (at -1.025 0 270) (size 1.15 1.4) (layers F.Cu F.Paste F.Mask) (roundrect_rratio 0.217391)
      (net 1 +3V3))
    (pad 2 smd roundrect (at 1.025 0 270) (size 1.15 1.4) (layers F.Cu F.Paste F.Mask) (roundrect_rratio 0.217391)
      (net 8 "Net-(R2-Pad2)"))
    (model ${KISYS3DMOD}/Resistor_SMD.3dshapes/R_0805_2012Metric.wrl
      (at (xyz 0 0 0))
      (scale (xyz 1 1 1))
      (rotate (xyz 0 0 0))
    )
  )

  (module Resistor_SMD:R_0805_2012Metric_Pad1.15x1.40mm_HandSolder (layer F.Cu) (tedit 5E309CC6) (tstamp 5E4923B1)
    (at 154.94 110.49 270)
    (descr "Resistor SMD 0805 (2012 Metric), square (rectangular) end terminal, IPC_7351 nominal with elongated pad for handsoldering. (Body size source: https://docs.google.com/spreadsheets/d/1BsfQQcO9C6DZCsRaXUlFlo91Tg2WpOkGARC1WS5S8t0/edit?usp=sharing), generated with kicad-footprint-generator")
    (tags "resistor handsolder")
    (path /5E307C1A)
    (attr smd)
    (fp_text reference R3 (at 0 -1.65 270) (layer F.SilkS) hide
      (effects (font (size 1 1) (thickness 0.15)))
    )
    (fp_text value R_US (at 0 1.65 270) (layer F.Fab) hide
      (effects (font (size 1 1) (thickness 0.15)))
    )
    (fp_text user %R (at 0 0 270) (layer F.Fab)
      (effects (font (size 0.5 0.5) (thickness 0.08)))
    )
    (fp_line (start 1.85 0.95) (end -1.85 0.95) (layer F.CrtYd) (width 0.05))
    (fp_line (start 1.85 -0.95) (end 1.85 0.95) (layer F.CrtYd) (width 0.05))
    (fp_line (start -1.85 -0.95) (end 1.85 -0.95) (layer F.CrtYd) (width 0.05))
    (fp_line (start -1.85 0.95) (end -1.85 -0.95) (layer F.CrtYd) (width 0.05))
    (fp_line (start -0.261252 0.71) (end 0.261252 0.71) (layer F.SilkS) (width 0.12))
    (fp_line (start -0.261252 -0.71) (end 0.261252 -0.71) (layer F.SilkS) (width 0.12))
    (fp_line (start 1 0.6) (end -1 0.6) (layer F.Fab) (width 0.1))
    (fp_line (start 1 -0.6) (end 1 0.6) (layer F.Fab) (width 0.1))
    (fp_line (start -1 -0.6) (end 1 -0.6) (layer F.Fab) (width 0.1))
    (fp_line (start -1 0.6) (end -1 -0.6) (layer F.Fab) (width 0.1))
    (pad 2 smd roundrect (at 1.025 0 270) (size 1.15 1.4) (layers F.Cu F.Paste F.Mask) (roundrect_rratio 0.217391)
      (net 2 GND))
    (pad 1 smd roundrect (at -1.025 0 270) (size 1.15 1.4) (layers F.Cu F.Paste F.Mask) (roundrect_rratio 0.217391)
      (net 8 "Net-(R2-Pad2)"))
    (model ${KISYS3DMOD}/Resistor_SMD.3dshapes/R_0805_2012Metric.wrl
      (at (xyz 0 0 0))
      (scale (xyz 1 1 1))
      (rotate (xyz 0 0 0))
    )
  )

  (module Resistor_SMD:R_0805_2012Metric_Pad1.15x1.40mm_HandSolder (layer F.Cu) (tedit 5E309CAD) (tstamp 5E4923C2)
    (at 152.4 91.44)
    (descr "Resistor SMD 0805 (2012 Metric), square (rectangular) end terminal, IPC_7351 nominal with elongated pad for handsoldering. (Body size source: https://docs.google.com/spreadsheets/d/1BsfQQcO9C6DZCsRaXUlFlo91Tg2WpOkGARC1WS5S8t0/edit?usp=sharing), generated with kicad-footprint-generator")
    (tags "resistor handsolder")
    (path /5E307D12)
    (attr smd)
    (fp_text reference R4 (at 0 -1.524) (layer F.SilkS) hide
      (effects (font (size 1 1) (thickness 0.15)))
    )
    (fp_text value R_US (at 0 1.65) (layer F.Fab) hide
      (effects (font (size 1 1) (thickness 0.15)))
    )
    (fp_text user %R (at 0 0) (layer F.Fab)
      (effects (font (size 0.5 0.5) (thickness 0.08)))
    )
    (fp_line (start 1.85 0.95) (end -1.85 0.95) (layer F.CrtYd) (width 0.05))
    (fp_line (start 1.85 -0.95) (end 1.85 0.95) (layer F.CrtYd) (width 0.05))
    (fp_line (start -1.85 -0.95) (end 1.85 -0.95) (layer F.CrtYd) (width 0.05))
    (fp_line (start -1.85 0.95) (end -1.85 -0.95) (layer F.CrtYd) (width 0.05))
    (fp_line (start -0.261252 0.71) (end 0.261252 0.71) (layer F.SilkS) (width 0.12))
    (fp_line (start -0.261252 -0.71) (end 0.261252 -0.71) (layer F.SilkS) (width 0.12))
    (fp_line (start 1 0.6) (end -1 0.6) (layer F.Fab) (width 0.1))
    (fp_line (start 1 -0.6) (end 1 0.6) (layer F.Fab) (width 0.1))
    (fp_line (start -1 -0.6) (end 1 -0.6) (layer F.Fab) (width 0.1))
    (fp_line (start -1 0.6) (end -1 -0.6) (layer F.Fab) (width 0.1))
    (pad 2 smd roundrect (at 1.025 0) (size 1.15 1.4) (layers F.Cu F.Paste F.Mask) (roundrect_rratio 0.217391)
      (net 3 "Net-(C1-Pad1)"))
    (pad 1 smd roundrect (at -1.025 0) (size 1.15 1.4) (layers F.Cu F.Paste F.Mask) (roundrect_rratio 0.217391)
      (net 5 "Net-(D1-Pad2)"))
    (model ${KISYS3DMOD}/Resistor_SMD.3dshapes/R_0805_2012Metric.wrl
      (at (xyz 0 0 0))
      (scale (xyz 1 1 1))
      (rotate (xyz 0 0 0))
    )
  )

  (module Resistor_SMD:R_0805_2012Metric_Pad1.15x1.40mm_HandSolder (layer F.Cu) (tedit 5E309CAA) (tstamp 5E4923D3)
    (at 154.94 93.98)
    (descr "Resistor SMD 0805 (2012 Metric), square (rectangular) end terminal, IPC_7351 nominal with elongated pad for handsoldering. (Body size source: https://docs.google.com/spreadsheets/d/1BsfQQcO9C6DZCsRaXUlFlo91Tg2WpOkGARC1WS5S8t0/edit?usp=sharing), generated with kicad-footprint-generator")
    (tags "resistor handsolder")
    (path /5E307D2B)
    (attr smd)
    (fp_text reference R5 (at 0 -1.65) (layer F.SilkS) hide
      (effects (font (size 1 1) (thickness 0.15)))
    )
    (fp_text value R_US (at 0 1.65) (layer F.Fab) hide
      (effects (font (size 1 1) (thickness 0.15)))
    )
    (fp_line (start -1 0.6) (end -1 -0.6) (layer F.Fab) (width 0.1))
    (fp_line (start -1 -0.6) (end 1 -0.6) (layer F.Fab) (width 0.1))
    (fp_line (start 1 -0.6) (end 1 0.6) (layer F.Fab) (width 0.1))
    (fp_line (start 1 0.6) (end -1 0.6) (layer F.Fab) (width 0.1))
    (fp_line (start -0.261252 -0.71) (end 0.261252 -0.71) (layer F.SilkS) (width 0.12))
    (fp_line (start -0.261252 0.71) (end 0.261252 0.71) (layer F.SilkS) (width 0.12))
    (fp_line (start -1.85 0.95) (end -1.85 -0.95) (layer F.CrtYd) (width 0.05))
    (fp_line (start -1.85 -0.95) (end 1.85 -0.95) (layer F.CrtYd) (width 0.05))
    (fp_line (start 1.85 -0.95) (end 1.85 0.95) (layer F.CrtYd) (width 0.05))
    (fp_line (start 1.85 0.95) (end -1.85 0.95) (layer F.CrtYd) (width 0.05))
    (fp_text user %R (at 0 0) (layer F.Fab)
      (effects (font (size 0.5 0.5) (thickness 0.08)))
    )
    (pad 1 smd roundrect (at -1.025 0) (size 1.15 1.4) (layers F.Cu F.Paste F.Mask) (roundrect_rratio 0.217391)
      (net 4 "Net-(D1-Pad1)"))
    (pad 2 smd roundrect (at 1.025 0) (size 1.15 1.4) (layers F.Cu F.Paste F.Mask) (roundrect_rratio 0.217391)
      (net 3 "Net-(C1-Pad1)"))
    (model ${KISYS3DMOD}/Resistor_SMD.3dshapes/R_0805_2012Metric.wrl
      (at (xyz 0 0 0))
      (scale (xyz 1 1 1))
      (rotate (xyz 0 0 0))
    )
  )

  (module Resistor_SMD:R_0805_2012Metric_Pad1.15x1.40mm_HandSolder (layer F.Cu) (tedit 5E309CCB) (tstamp 5E4923E4)
    (at 152.4 110.47 270)
    (descr "Resistor SMD 0805 (2012 Metric), square (rectangular) end terminal, IPC_7351 nominal with elongated pad for handsoldering. (Body size source: https://docs.google.com/spreadsheets/d/1BsfQQcO9C6DZCsRaXUlFlo91Tg2WpOkGARC1WS5S8t0/edit?usp=sharing), generated with kicad-footprint-generator")
    (tags "resistor handsolder")
    (path /5E307CE0)
    (attr smd)
    (fp_text reference R6 (at 0 -1.65 270) (layer F.SilkS) hide
      (effects (font (size 1 1) (thickness 0.15)))
    )
    (fp_text value R_US (at 0 1.65 270) (layer F.Fab) hide
      (effects (font (size 1 1) (thickness 0.15)))
    )
    (fp_line (start -1 0.6) (end -1 -0.6) (layer F.Fab) (width 0.1))
    (fp_line (start -1 -0.6) (end 1 -0.6) (layer F.Fab) (width 0.1))
    (fp_line (start 1 -0.6) (end 1 0.6) (layer F.Fab) (width 0.1))
    (fp_line (start 1 0.6) (end -1 0.6) (layer F.Fab) (width 0.1))
    (fp_line (start -0.261252 -0.71) (end 0.261252 -0.71) (layer F.SilkS) (width 0.12))
    (fp_line (start -0.261252 0.71) (end 0.261252 0.71) (layer F.SilkS) (width 0.12))
    (fp_line (start -1.85 0.95) (end -1.85 -0.95) (layer F.CrtYd) (width 0.05))
    (fp_line (start -1.85 -0.95) (end 1.85 -0.95) (layer F.CrtYd) (width 0.05))
    (fp_line (start 1.85 -0.95) (end 1.85 0.95) (layer F.CrtYd) (width 0.05))
    (fp_line (start 1.85 0.95) (end -1.85 0.95) (layer F.CrtYd) (width 0.05))
    (fp_text user %R (at 0 0 270) (layer F.Fab)
      (effects (font (size 0.5 0.5) (thickness 0.08)))
    )
    (pad 1 smd roundrect (at -1.025 0 270) (size 1.15 1.4) (layers F.Cu F.Paste F.Mask) (roundrect_rratio 0.217391)
      (net 6 "Net-(D2-Pad1)"))
    (pad 2 smd roundrect (at 1.025 0 270) (size 1.15 1.4) (layers F.Cu F.Paste F.Mask) (roundrect_rratio 0.217391)
      (net 2 GND))
    (model ${KISYS3DMOD}/Resistor_SMD.3dshapes/R_0805_2012Metric.wrl
      (at (xyz 0 0 0))
      (scale (xyz 1 1 1))
      (rotate (xyz 0 0 0))
    )
  )

  (module Package_SO:SO-8_5.3x6.2mm_P1.27mm (layer F.Cu) (tedit 5E309CA7) (tstamp 5E492401)
    (at 152.4 99.06)
    (descr "8-Lead Plastic Small Outline, 5.3x6.2mm Body (http://www.ti.com.cn/cn/lit/ds/symlink/tl7705a.pdf)")
    (tags "SOIC 1.27")
    (path /5E307331)
    (attr smd)
    (fp_text reference U1 (at 0 -2.032) (layer F.SilkS) hide
      (effects (font (size 1 1) (thickness 0.15)))
    )
    (fp_text value Opamp_Dual_Generic (at 0 4.13) (layer F.Fab) hide
      (effects (font (size 1 1) (thickness 0.15)))
    )
    (fp_text user %R (at 0 0) (layer F.Fab)
      (effects (font (size 1 1) (thickness 0.15)))
    )
    (fp_line (start -1.65 -3.1) (end 2.65 -3.1) (layer F.Fab) (width 0.15))
    (fp_line (start 2.65 -3.1) (end 2.65 3.1) (layer F.Fab) (width 0.15))
    (fp_line (start 2.65 3.1) (end -2.65 3.1) (layer F.Fab) (width 0.15))
    (fp_line (start -2.65 3.1) (end -2.65 -2.1) (layer F.Fab) (width 0.15))
    (fp_line (start -2.65 -2.1) (end -1.65 -3.1) (layer F.Fab) (width 0.15))
    (fp_line (start -4.83 -3.35) (end -4.83 3.35) (layer F.CrtYd) (width 0.05))
    (fp_line (start 4.83 -3.35) (end 4.83 3.35) (layer F.CrtYd) (width 0.05))
    (fp_line (start -4.83 -3.35) (end 4.83 -3.35) (layer F.CrtYd) (width 0.05))
    (fp_line (start -4.83 3.35) (end 4.83 3.35) (layer F.CrtYd) (width 0.05))
    (fp_line (start -2.75 -3.205) (end -2.75 -2.55) (layer F.SilkS) (width 0.15))
    (fp_line (start 2.75 -3.205) (end 2.75 -2.455) (layer F.SilkS) (width 0.15))
    (fp_line (start 2.75 3.205) (end 2.75 2.455) (layer F.SilkS) (width 0.15))
    (fp_line (start -2.75 3.205) (end -2.75 2.455) (layer F.SilkS) (width 0.15))
    (fp_line (start -2.75 -3.205) (end 2.75 -3.205) (layer F.SilkS) (width 0.15))
    (fp_line (start -2.75 3.205) (end 2.75 3.205) (layer F.SilkS) (width 0.15))
    (fp_line (start -2.75 -2.55) (end -4.5 -2.55) (layer F.SilkS) (width 0.15))
    (pad 1 smd rect (at -3.7 -1.905) (size 1.75 0.55) (layers F.Cu F.Paste F.Mask)
      (net 5 "Net-(D1-Pad2)"))
    (pad 2 smd rect (at -3.7 -0.635) (size 1.75 0.55) (layers F.Cu F.Paste F.Mask)
      (net 8 "Net-(R2-Pad2)"))
    (pad 3 smd rect (at -3.7 0.635) (size 1.75 0.55) (layers F.Cu F.Paste F.Mask)
      (net 9 /skin))
    (pad 4 smd rect (at -3.7 1.905) (size 1.75 0.55) (layers F.Cu F.Paste F.Mask)
      (net 2 GND))
    (pad 5 smd rect (at 3.7 1.905) (size 1.75 0.55) (layers F.Cu F.Paste F.Mask)
      (net 3 "Net-(C1-Pad1)"))
    (pad 6 smd rect (at 3.7 0.635) (size 1.75 0.55) (layers F.Cu F.Paste F.Mask)
      (net 7 "Net-(D2-Pad2)"))
    (pad 7 smd rect (at 3.7 -0.635) (size 1.75 0.55) (layers F.Cu F.Paste F.Mask)
      (net 7 "Net-(D2-Pad2)"))
    (pad 8 smd rect (at 3.7 -1.905) (size 1.75 0.55) (layers F.Cu F.Paste F.Mask)
      (net 1 +3V3))
    (model ${KISYS3DMOD}/Package_SO.3dshapes/SO-8_5.3x6.2mm_P1.27mm.wrl
      (at (xyz 0 0 0))
      (scale (xyz 1 1 1))
      (rotate (xyz 0 0 0))
    )
  )

  (gr_text "CC BY-NC-SA" (at 152.4 113.284) (layer B.SilkS) (tstamp 5E30DD76)
    (effects (font (size 0.762 0.4572) (thickness 0.08128)) (justify mirror))
  )
  (gr_text "Touch v1" (at 152.4 111.76) (layer B.SilkS) (tstamp 5E30DC9D)
    (effects (font (size 1.016 0.635) (thickness 0.1016)) (justify mirror))
  )
  (gr_text github.com/tyehle/touch-circuit (at 146.304 101.6 270) (layer B.SilkS) (tstamp 5E30DC9D)
    (effects (font (size 0.889 0.4572) (thickness 0.08128)) (justify mirror))
  )
  (gr_text "Tobin Yehle   2020/01/28" (at 158.496 101.6 90) (layer B.SilkS)
    (effects (font (size 1.016 0.6096) (thickness 0.1016)) (justify mirror))
  )
  (gr_line (start 144.78 92.456) (end 146.304 89.916) (layer Edge.Cuts) (width 0.15))
  (gr_line (start 158.496 89.916) (end 160.02 92.456) (layer Edge.Cuts) (width 0.15))
  (gr_line (start 158.496 89.916) (end 146.304 89.916) (layer Edge.Cuts) (width 0.15))
  (gr_line (start 147.32 111.76) (end 149.86 114.3) (layer Edge.Cuts) (width 0.15))
  (gr_line (start 144.78 106.68) (end 147.32 111.76) (layer Edge.Cuts) (width 0.15))
  (gr_line (start 144.78 92.456) (end 144.78 106.68) (layer Edge.Cuts) (width 0.15))
  (gr_line (start 160.02 106.68) (end 160.02 92.456) (layer Edge.Cuts) (width 0.15))
  (gr_line (start 157.48 111.76) (end 160.02 106.68) (layer Edge.Cuts) (width 0.15))
  (gr_line (start 154.94 114.3) (end 157.48 111.76) (layer Edge.Cuts) (width 0.15))
  (gr_line (start 149.86 114.3) (end 154.94 114.3) (layer Edge.Cuts) (width 0.15))

  (via (at 156.083 96.012) (size 0.8) (drill 0.4) (layers F.Cu B.Cu) (net 1))
  (segment (start 156.1 96.029) (end 156.083 96.012) (width 0.25) (layer F.Cu) (net 1))
  (segment (start 156.1 97.155) (end 156.1 96.029) (width 0.25) (layer F.Cu) (net 1))
  (segment (start 155.468 94) (end 152.4 94) (width 0.25) (layer B.Cu) (net 1))
  (segment (start 156.083 94.615) (end 155.468 94) (width 0.25) (layer B.Cu) (net 1))
  (segment (start 156.083 96.012) (end 156.083 94.615) (width 0.25) (layer B.Cu) (net 1))
  (segment (start 154.559 97.155) (end 156.1 97.155) (width 0.25) (layer F.Cu) (net 1))
  (segment (start 151.384 100.33) (end 154.559 97.155) (width 0.25) (layer F.Cu) (net 1))
  (segment (start 151.384 102.861) (end 151.384 100.33) (width 0.25) (layer F.Cu) (net 1))
  (segment (start 149.86 104.385) (end 151.384 102.861) (width 0.25) (layer F.Cu) (net 1))
  (via (at 156.464 108.204) (size 0.8) (drill 0.4) (layers F.Cu B.Cu) (net 1))
  (segment (start 155.2 109.2) (end 152.4 109.2) (width 0.25) (layer B.Cu) (net 1))
  (segment (start 155.468 109.2) (end 155.2 109.2) (width 0.25) (layer B.Cu) (net 1))
  (segment (start 156.464 108.204) (end 155.468 109.2) (width 0.25) (layer B.Cu) (net 1))
  (segment (start 155.12081 108.204) (end 156.464 108.204) (width 0.25) (layer F.Cu) (net 1))
  (segment (start 153.91499 106.99818) (end 155.12081 108.204) (width 0.25) (layer F.Cu) (net 1))
  (segment (start 149.86 104.385) (end 150.885 105.41) (width 0.25) (layer F.Cu) (net 1))
  (segment (start 150.885 105.41) (end 153.27859 105.41) (width 0.25) (layer F.Cu) (net 1))
  (segment (start 153.27859 105.41) (end 153.91499 106.0464) (width 0.25) (layer F.Cu) (net 1))
  (segment (start 153.91499 106.0464) (end 153.91499 106.99818) (width 0.25) (layer F.Cu) (net 1))
  (segment (start 151.093 101.6) (end 152.4 101.6) (width 0.25) (layer B.Cu) (net 2))
  (via (at 156.972 106.172) (size 0.8) (drill 0.4) (layers F.Cu B.Cu) (net 2))
  (segment (start 153.67 101.6) (end 152.4 101.6) (width 0.25) (layer B.Cu) (net 2))
  (segment (start 148.227999 105.772001) (end 147.828 106.172) (width 0.381) (layer B.Cu) (net 2))
  (segment (start 152.4 101.6) (end 148.227999 105.772001) (width 0.381) (layer B.Cu) (net 2))
  (via (at 147.828 106.172) (size 0.8) (drill 0.4) (layers F.Cu B.Cu) (net 2))
  (segment (start 153.425 91.44) (end 155.965 93.98) (width 0.25) (layer F.Cu) (net 3))
  (segment (start 156.588372 94.603372) (end 155.965 93.98) (width 0.25) (layer F.Cu) (net 3))
  (segment (start 157.300001 95.315001) (end 156.588372 94.603372) (width 0.25) (layer F.Cu) (net 3))
  (segment (start 157.300001 100.364999) (end 157.300001 95.315001) (width 0.25) (layer F.Cu) (net 3))
